01000000100000010000001000000100000010000001000000100000010000001000000100000010000001000000100000010000001000000100000033
10000004444444441000000666666610000003
10000004444444410000001000000666666661000000
10000004444444100000010000001000000666666666
10000004444441000000555100000066666666
10000004444410000005555510000006666666
10000004444100000055555551000000666666
10000004441000000555555555100000066666
10000004410000005555555555510000006666
10000004100000055555555555551000000666
10000001000000555555555555555100000010000001000000
21000000555555555555555100000010000001000000
22100000055555555555555100000010000001
22210000005555555555555100000011
22221000000555555555551000000111
22222100000055555555510000001111
22222210000005555555100000011111
22222221000000555551000000111111
22222222100000055510000001111111
22222222210000005100000011111111
